r = {1.009640, 0.950004, -0.325153, 0.372834}
g = {1.161776, 1.043871, -0.317745, 0.348625}
b = {1.327918, 1.167950, -0.268831, 0.270983}
