r = {0.676619, 0.260041, 0.015790, 0.002363}
g = {0.949172, 0.477061, 0.060921, -0.001785}
b = {1.428114, 1.057048, 0.050517, -0.008148}
