r = {0.598701, 0.408271, 0.167177, 0.332784}
g = {0.521965, 0.368622, 0.146365, 0.244469}
b = {0.511608, 0.382721, 0.121208, 0.173222}
