r = {0.671059, 0.422514, -0.199679, -0.110214}
g = {0.689207, 0.461709, -0.172603, -0.085026}
b = {0.731311, 0.518169, -0.150057, -0.069296}
