r = {0.691515, 0.489237, 0.048735, 0.095346}
g = {0.619883, 0.445626, 0.112627, 0.053887}
b = {0.627694, 0.474988, 0.126006, 0.023121}
