r = {0.475295, 0.297313, 0.176110, 0.367207}
g = {0.385766, 0.248953, 0.150833, 0.264529}
b = {0.366212, 0.255196, 0.123615, 0.187251}
