r = {0.395566, 0.267459, 0.106228, -0.221948}
g = {0.322697, 0.235591, 0.075533, -0.129723}
b = {0.363529, 0.289354, 0.058544, -0.068283}
