r = {0.644080, 0.435885, 0.050964, 0.084974}
g = {0.777425, 0.547820, 0.035958, 0.072268}
b = {0.876261, 0.643366, 0.028070, 0.070529}
