r = {1.523417, 1.182307, 0.066518, -0.030568}
g = {1.543834, 1.212629, 0.060848, -0.027960}
b = {1.619446, 1.331566, 0.038206, -0.017671}
