r = {0.983321, 0.765077, 0.001771, -0.052065}
g = {0.833138, 0.727085, -0.066287, -0.047436}
b = {0.953820, 0.896010, -0.101096, -0.011623}
