r = {0.671545, 0.419177, -0.181931, 0.027236}
g = {0.757624, 0.491456, -0.167176, 0.027256}
b = {0.923241, 0.633188, -0.137619, 0.028287}
