r = {0.540868, 0.350901, 0.052292, 0.318057}
g = {0.533557, 0.372360, 0.065291, 0.232099}
b = {0.576118, 0.439510, 0.066836, 0.157255}
