r = {0.748202, 0.658471, -0.232289, -0.185747}
g = {0.890198, 0.759499, -0.175042, -0.160296}
b = {1.052156, 0.884989, -0.092443, -0.116386}
