r = {0.679755, 0.534063, 0.033729, 0.399268}
g = {0.744856, 0.584675, 0.025668, 0.384134}
b = {0.797422, 0.635602, 0.017665, 0.366866}
